start=9.766667
speed=0.057309
