start=7.600000
speed=0.122846
